0	[0.7042338073253631, 0.2957662012428045]
1	[0.0013892841176129877, 0.9986107110977173]
2	[0.630472469329834, 0.36952751874923706]
3	[0.4376212753355503, 0.5623787388205528]
4	[0.8450065016746521, 0.15499349907040597]
5	[0.42241027429699896, 0.5775897085666657]
6	[0.8129485130310059, 0.187051472812891]
7	[0.21743995328433813, 0.7825600579380989]
8	[0.8483897089958191, 0.151610267162323]
9	[0.218446735618636, 0.7815532580018043]
10	[0.0021317781182006003, 0.9978682279586792]
11	[0.004650660930201412, 0.9953493595123291]
12	[0.0019023946952074766, 0.9980976223945618]
13	[0.9607861161231994, 0.03921387381851673]
14	[0.008897110214456916, 0.9911028623580933]
15	[0.0033115640049800276, 0.996688437461853]
16	[0.0033627970842644572, 0.9966371893882752]
17	[0.9500602841377258, 0.0499396969564259]
18	[0.0019815261010080578, 0.998018491268158]
19	[0.002012396790087223, 0.9979876041412353]
20	[0.07259023995138705, 0.9274097800254821]
21	[0.9122472643852234, 0.08775272704660893]
22	[0.0022031592903658747, 0.9977968454360961]
23	[0.9785316586494446, 0.02146834507584572]
24	[0.9333316445350647, 0.06666834689676762]
25	[0.012251428887248039, 0.9877485990524292]
26	[0.0018120601773262024, 0.9981879353523254]
27	[0.0015147840371355415, 0.9984852194786071]
28	[0.0018067940836772323, 0.9981931686401367]
29	[0.0019048178801313043, 0.9980952024459839]
30	[0.003166369814425707, 0.9968336462974549]
31	[0.5772256455849856, 0.42277435343712566]
32	[0.35486342748627064, 0.6451365679502488]
33	[0.38455277350731193, 0.6154472336173058]
34	[0.03765040338039398, 0.9623496174812317]
35	[0.0030033331597223876, 0.9969966530799865]
36	[0.07310921940952539, 0.9268908023834228]
37	[0.004592771152965724, 0.995407223701477]
38	[0.0017063027480617166, 0.998293662071228]
39	[0.003591207298450172, 0.9964088082313538]
40	[0.9000915050506592, 0.0999084696173668]
41	[0.8382296085357666, 0.16177036762237548]
42	[0.0021217945963144303, 0.9978782176971436]
43	[0.001986059732735157, 0.9980139374732971]
44	[0.38012993186712263, 0.6198700733482838]
45	[0.9664037346839904, 0.033596274256706235]
46	[0.0018010929692536593, 0.9981988906860352]
47	[0.14470020360313357, 0.8552998006343842]
48	[0.9101134300231933, 0.08988654296845197]
49	[0.9049846649169921, 0.09501533433794976]
50	[0.917632782459259, 0.08236720990389586]
51	[0.9101134300231933, 0.08988654296845197]
52	[0.002591966651380062, 0.9974080562591553]
53	[0.9023431420326233, 0.0976568547077477]
54	[0.9234608173370361, 0.07653917875140906]
55	[0.917632782459259, 0.08236720990389586]
56	[0.0018571361899375916, 0.9981428384780884]
57	[0.0026462196838110685, 0.9973538041114807]
58	[0.0018273533554747702, 0.9981726169586181]
59	[0.20632833004929124, 0.7936716467142105]
60	[0.001997346035204828, 0.9980026602745056]
61	[0.013543735491111875, 0.9864562511444092]
62	[0.0014917185180820525, 0.9985082864761352]
63	[0.8294865131378174, 0.17051347196102143]
64	[0.35331788249313834, 0.6466821104288101]
65	[0.0015222292859107256, 0.9984777569770813]
66	[0.8503517270088196, 0.1496482864022255]
67	[0.009213162679225206, 0.9907868385314942]
68	[0.0016455805627629161, 0.9983544707298279]
69	[0.00233015944249928, 0.9976698637008667]
70	[0.21530398055911065, 0.7846960264258087]
71	[0.0019656616030260922, 0.9980343461036683]
72	[0.02071525142528117, 0.9792847514152527]
73	[0.20178105849772693, 0.7982189485803246]
74	[0.0016791296424344183, 0.9983208537101745]
75	[0.21002969220280648, 0.7899703055620193]
76	[0.011025616456754506, 0.9889743685722351]
77	[0.651795607805252, 0.34820438027381895]
78	[0.9464706659317017, 0.05352932792156935]
79	[0.9801093816757203, 0.019890641700476407]
80	[0.0013139290735125543, 0.9986860632896424]
81	[0.9315798878669739, 0.06842010803520679]
82	[0.21812950279563664, 0.7818705081939697]
83	[0.1840632542502135, 0.8159367382526398]
84	[0.9494539976119996, 0.05054600154981017]
85	[0.002240653708577156, 0.9977593660354614]
86	[0.0015653176233172417, 0.9984346866607666]
87	[0.7932118076831103, 0.20678818309679628]
88	[0.991448986530304, 0.008551012258976698]
89	[0.9572055816650391, 0.04279438126832247]
90	[0.5158285785466432, 0.4841714287176728]
91	[0.3208019122481346, 0.6791980713605881]
92	[0.8249792575836181, 0.17502075135707856]
93	[0.9088277697563172, 0.09117222353816032]
94	[0.6639504626393318, 0.3360495321452618]
95	[0.3725207853130996, 0.6274792191572487]
96	[0.06375954574905336, 0.9362404823303223]
97	[0.002504718094132841, 0.9974952816963196]
98	[0.0023226293968036773, 0.9976773738861084]
99	[0.7030938986688853, 0.296906103938818]
100	[0.9779060125350952, 0.022093966975808142]
101	[0.19706446873024105, 0.8029355369508266]
102	[0.0016920284368097782, 0.9983079910278321]
103	[0.0019010880030691623, 0.9980989098548889]
104	[0.8779614269733429, 0.12203857973217964]
105	[0.03469477780163288, 0.96530522108078]
106	[0.0016511693829670548, 0.9983488559722901]
107	[0.00156595166772604, 0.9984340906143189]
108	[0.13236161929089577, 0.8676383852958679]
109	[0.9908117771148681, 0.00918820770457387]
110	[0.13979561128653586, 0.860204428434372]
111	[0.002141434559598565, 0.9978585720062256]
112	[0.37830780493095517, 0.6216921836137772]
113	[0.37015535235404967, 0.6298446238040925]
114	[0.6986996306106448, 0.3013003174215555]
115	[0.058123141154646875, 0.9418768525123596]
116	[0.090220618667081, 0.9097793817520141]
117	[0.7951169848442078, 0.20488302409648895]
118	[0.14774225160945206, 0.8522577464580536]
119	[0.0029400958213955165, 0.9970598816871643]
120	[0.002082678861916065, 0.9979173302650451]
121	[0.8309169948101044, 0.16908300034701823]
122	[0.042934495210647586, 0.9570655107498169]
123	[0.006578246736899019, 0.9934217453002929]
124	[0.8587120056152344, 0.14128799811005593]
125	[0.010666684806346893, 0.9893333196640015]
126	[0.0019202612340450287, 0.9980797171592712]
127	[0.825794106721878, 0.17420590482652187]
128	[0.006865528249181807, 0.9931344747543335]
129	[0.002147945947945118, 0.9978520750999451]
130	[0.20196499014273286, 0.7980350255966187]
131	[0.0074819315690547224, 0.9925180554389954]
132	[0.06828723903745412, 0.9317127585411071]
133	[0.0021987765096127985, 0.9978012323379517]
134	[0.9908659219741821, 0.009134090971201658]
135	[0.0020744676934555174, 0.9979255437850952]
136	[0.0021085646585561335, 0.9978914380073547]
137	[0.13411974916234612, 0.8658802270889282]
138	[0.9310813188552857, 0.06891869902610778]
139	[0.012424395256675779, 0.9875756025314331]
140	[0.0016602854477241636, 0.9983397364616394]
141	[0.0018634781707078218, 0.9981365203857422]
142	[0.0016834054607897998, 0.9983166337013245]
143	[0.0018204008461907505, 0.998179578781128]
144	[0.001839430583640933, 0.9981605768203735]
145	[0.9209620952606201, 0.07903787773102522]
146	[0.9420081973075867, 0.057991772424429655]
147	[0.0028267114423215388, 0.997173273563385]
148	[0.0015097811003215611, 0.9984902262687683]
149	[0.0021144638769328592, 0.997885549068451]
150	[0.0017658790573477745, 0.9982341170310974]
151	[0.0017387596424669027, 0.9982612490653991]
152	[0.2885132636874914, 0.7114867091178894]
153	[0.0018696112092584372, 0.9981303811073303]
154	[0.0027491273591294884, 0.9972508788108826]
155	[0.0021763853030279277, 0.9978235840797425]
156	[0.0029792763758450746, 0.9970207571983337]
157	[0.0020338546950370074, 0.9979661703109741]
158	[0.002135571464896202, 0.9978644251823425]
159	[0.0020450643496587873, 0.9979549765586853]
160	[0.011299039656296372, 0.9887009620666504]
161	[0.5232759026344865, 0.47672410383820535]
162	[0.0020405145827680827, 0.9979594707489013]
163	[0.00216675887349993, 0.9978332400321961]
164	[0.9364578127861023, 0.063542206492275]
165	[0.8846372842788697, 0.11536271013319492]
166	[0.0016809427179396152, 0.9983190655708313]
167	[0.005064941546879709, 0.9949350714683532]
168	[0.0028793440200388432, 0.9971206426620484]
169	[0.40526771773584186, 0.594732291996479]
170	[0.5910435622557998, 0.40895644910633566]
171	[0.981475031375885, 0.01852497160434723]
172	[0.9725271224975586, 0.027472872333601118]
173	[0.025014358945190905, 0.9749856352806091]
174	[0.002541405474767089, 0.9974586009979248]
175	[0.0018843433819711209, 0.9981156349182129]
176	[0.01966222790069878, 0.9803377509117126]
177	[0.001582017820328474, 0.9984179973602295]
178	[0.0014017963083460927, 0.9985981941223144]
179	[0.0023595511447638273, 0.9976404547691345]
180	[0.0014507699175737797, 0.9985492587089538]
181	[0.9825819134712219, 0.017418086994439363]
182	[0.001550233014859259, 0.9984497904777527]
183	[0.0022214401978999376, 0.9977785468101501]
184	[0.009755146782845258, 0.9902448654174805]
185	[0.003354425891302526, 0.9966455817222595]
186	[0.002918456494808197, 0.9970815420150757]
187	[0.0034238523337990047, 0.9965761661529541]
188	[0.25203301119618116, 0.7479669958353042]
189	[0.5524002919904888, 0.4475997216999531]
190	[0.0021270714234560726, 0.9978728890419006]
191	[0.0020860033109784126, 0.9979139685630798]
192	[0.002033888013102114, 0.9979661345481873]
193	[0.0020285926992073657, 0.9979714274406433]
194	[0.0036286035552620887, 0.9963714241981506]
195	[0.0022019239375367762, 0.9977980971336364]
196	[0.001902609528042376, 0.9980974078178406]
197	[0.003719424270093441, 0.996280562877655]
198	[0.0021239621099084617, 0.9978760480880737]
199	[0.0019884279929101465, 0.998011565208435]
200	[0.0015801442554220558, 0.9984198808670044]
201	[0.7578115640208125, 0.24218845497816802]
202	[0.0025490779895335435, 0.9974509358406067]
203	[0.11806898992508649, 0.881931048631668]
204	[0.030652214074507356, 0.9693478107452392]
205	[0.012514299619942904, 0.9874856829643249]
206	[0.004988935240544379, 0.9950110793113709]
207	[0.05248697912320495, 0.9475130438804626]
208	[0.002169862948358059, 0.9978301286697387]
209	[0.013048232533037663, 0.9869517683982849]
210	[0.865289843082428, 0.13471016362309457]
211	[0.19296397198922932, 0.8070360250771046]
212	[0.001821023877710104, 0.9981790065765381]
213	[0.3970797936199233, 0.6029201814904809]
214	[0.0016093357466161252, 0.9983906626701355]
215	[0.0026694044936448336, 0.9973306059837341]
216	[0.960265827178955, 0.039734160713851455]
217	[0.9911802172660827, 0.008819742314517497]
218	[0.5871915407478809, 0.4128084574826062]
219	[0.8272775501012802, 0.172722455393523]
220	[0.7830591231584549, 0.2169408643618226]
221	[0.19794181515462697, 0.802058182284236]
222	[0.3455075669102371, 0.6544924672693014]
223	[0.8014249205589294, 0.19857507161796092]
224	[0.0018587750615552067, 0.9981412172317505]
225	[0.002474072272889316, 0.9975259304046631]
226	[0.4931733371689916, 0.5068266451358795]
227	[0.0028137035667896272, 0.9971863269805908]
228	[0.0017392497276887298, 0.9982607245445252]
229	[0.002118053752928972, 0.9978819489479065]
230	[0.9210358619689941, 0.07896412909030914]
231	[0.003006568318232894, 0.9969934344291687]
232	[0.0024051111657172443, 0.9975949048995971]
233	[0.944086754322052, 0.055913226399570706]
234	[0.39035974591970446, 0.6096402820199728]
235	[0.0024589399341493844, 0.9975410580635071]
236	[0.0026632873341441154, 0.9973366975784301]
237	[0.0016236637951806188, 0.9983763217926025]
238	[0.003736975765787065, 0.9962630152702332]
239	[0.001999858231283724, 0.9980001211166382]
240	[0.0018025862285867334, 0.9981974244117737]
241	[0.0022595084505155683, 0.9977404952049256]
242	[0.002548255771398544, 0.9974517583847046]
243	[0.0015197020256891847, 0.9984802961349487]
244	[0.6150863451883197, 0.38491365481168033]
245	[0.0016290105180814863, 0.9983709931373597]
246	[0.5178142860531807, 0.48218568339943885]
247	[0.0018627078039571642, 0.9981372475624084]
248	[0.7737662851810455, 0.2262337224557996]
249	[0.0015640922589227556, 0.998435914516449]
250	[0.046750821126624945, 0.953249168395996]
251	[0.0019424326019361615, 0.9980575680732727]
252	[0.9287312746047973, 0.07126872381195426]
253	[0.8464211463928223, 0.1535788591951132]
254	[0.002057192544452846, 0.9979428172111511]
255	[0.003521425370126963, 0.9964785933494568]
256	[0.9031757950782776, 0.09682421647012233]
257	[0.0032146872486919164, 0.9967853307724]
258	[0.0033811564557254315, 0.9966188430786133]
259	[0.001660336647182703, 0.9983396649360656]
260	[0.6830084942281246, 0.31699151173233986]
261	[0.005432476755231619, 0.9945675373077393]
262	[0.8079472064971924, 0.19205280542373657]
263	[0.9602830290794373, 0.03971699364483357]
264	[0.33496322520077226, 0.6650367764756083]
265	[0.3137462335638702, 0.6862537328153848]
266	[0.01904224562458694, 0.9809577703475952]
267	[0.01904224562458694, 0.9809577703475952]
268	[0.9724529266357422, 0.02754708956927061]
269	[0.01904224562458694, 0.9809577703475952]
270	[0.7760615754872561, 0.22393841929733754]
271	[0.2824391555506736, 0.71756083201617]
272	[0.0030741192400455474, 0.9969258904457092]
273	[0.8596124768257141, 0.14038754552602767]
274	[0.0019476973451673985, 0.9980523228645325]
275	[0.04964195261709392, 0.9503580212593079]
276	[0.203251977218315, 0.7967479863204062]
277	[0.9168792724609375, 0.08312072670087219]
278	[0.9838673830032348, 0.016132607124745846]
279	[0.8780313968658447, 0.12196861207485199]
280	[0.980587112903595, 0.01941288337111473]
281	[0.9658033132553101, 0.03419670388102532]
282	[0.7999132864177227, 0.20008670073002577]
283	[0.0015361437806859612, 0.9984638571739197]
284	[0.1897839391604066, 0.8102160423994065]
285	[0.6204096396453679, 0.37959037981927396]
286	[0.5794496767688543, 0.42055031675845383]
287	[0.6318698026239872, 0.3681302145123482]
288	[0.9907098889350892, 0.00929012019187212]
289	[0.211124980263412, 0.7888750553131103]
290	[0.3293580371653661, 0.6706419676542282]
291	[0.002459598984569311, 0.9975404262542724]
292	[0.0021239914232864974, 0.9978760361671448]
293	[0.07537478636950254, 0.9246251940727234]
294	[0.0025734864640980957, 0.9974265217781066]
295	[0.5937159978784621, 0.40628399401903154]
296	[0.5420346763916314, 0.45796533599495887]
297	[0.9878496646881103, 0.01215035179629922]
298	[0.001754650310613215, 0.9982453465461731]
299	[0.8784628272056579, 0.12153716115280985]
300	[0.9775243520736694, 0.022475626692175864]
301	[0.19945706739090382, 0.8005429226905107]
302	[0.6309259876608848, 0.3690739828161895]
303	[0.9712365627288818, 0.02876343857496977]
304	[0.04181629326194525, 0.9581837296485901]
305	[0.9853507518768311, 0.014649236761033534]
306	[0.46776722334325316, 0.5322327822446823]
307	[0.01291433246806264, 0.9870857000350952]
308	[0.014902825420722365, 0.9850971579551697]
309	[0.9642007350921631, 0.03579929880797863]
310	[0.4011788102798164, 0.5988211987540126]
311	[0.00489727477543056, 0.9951027274131775]
312	[0.2792481306008995, 0.7207518875598907]
313	[0.3720245304517448, 0.6279754754155874]
314	[0.20323917749337853, 0.796760793030262]
315	[0.6957680521532893, 0.3042319169268012]
316	[0.9485736131668091, 0.05142641495913267]
317	[0.3058883059769869, 0.6941116563975811]
318	[0.19419620605185628, 0.8058037959039211]
319	[0.20174297969788313, 0.7982570305466652]
320	[0.8452408373355865, 0.1547591625712812]
321	[0.990963363647461, 0.009036619774997234]
322	[0.9676506638526916, 0.032349334936589]
323	[0.9903176307678223, 0.009682370722293854]
324	[0.0027801770716905593, 0.9972197771072387]
325	[0.037217226508073506, 0.9627828001976013]
326	[0.990963363647461, 0.009036619774997234]
327	[0.0032732969615608455, 0.9967267036437988]
328	[0.002608628896996379, 0.9973913788795471]
329	[0.012366156047210097, 0.9876338601112366]
330	[0.20895149372518063, 0.7910485111176968]
331	[0.001205958891659975, 0.9987940430641175]
332	[0.9829038619995117, 0.017096145451068877]
333	[0.19906179036479443, 0.8009382016956806]
334	[0.9743419647216797, 0.025658022705465557]
335	[0.9513789176940918, 0.0486210860311985]
336	[0.4315618901513517, 0.568438115157187]
337	[0.6991455622017384, 0.3008544538170099]
338	[0.9649944067001343, 0.03500559274107218]
339	[0.9698512434959412, 0.03014875641092658]
340	[0.008966987067833544, 0.9910330176353455]
341	[0.009474133350886404, 0.9905258536338806]
342	[0.6048631260171533, 0.39513686262071135]
343	[0.45053743440657856, 0.5494625745341182]
344	[0.5877831695601344, 0.4122168136760592]
345	[0.9521132946014405, 0.04788671415299177]
346	[0.8809094369411469, 0.11909057153388858]
347	[0.011407644394785166, 0.9885923743247986]
348	[0.0018286750186234713, 0.9981713056564331]
349	[0.4094344767741859, 0.5905655467882752]
350	[0.9842785954475403, 0.015721407160162924]
351	[0.002543392521329224, 0.9974566221237182]
352	[0.12762637045234443, 0.872373628616333]
353	[0.002422518702223897, 0.9975774884223938]
354	[0.3512516349554062, 0.6487483590841293]
355	[0.8392890810966491, 0.1607109222561121]
356	[0.005919654970057309, 0.9940803408622741]
357	[0.7880196779966354, 0.21198031352832913]
358	[0.0029840401839464903, 0.9970159649848938]
359	[0.0021480474853888152, 0.9978519320487976]
360	[0.0029621065594255926, 0.9970378994941711]
361	[0.0019237467087805272, 0.9980762481689454]
362	[0.002269523427821696, 0.9977305054664611]
363	[0.0020333922700956466, 0.9979666233062744]
364	[0.6284215902909637, 0.37157839760184286]
365	[0.31658792672678826, 0.6834120700135827]
366	[0.0024282259633764624, 0.9975717663764954]
367	[0.0016251726308837533, 0.9983748197555542]
368	[0.0020645416574552656, 0.9979354500770569]
369	[0.19955493884626777, 0.8004450589418411]
370	[0.779035035893321, 0.22096494464203714]
371	[0.8730247259140015, 0.12697523981332778]
372	[0.19920147992670537, 0.8007985152304172]
373	[0.629511595889926, 0.3704884011298418]
374	[0.5709164046682418, 0.4290835812687874]
375	[0.9699002504348755, 0.030099759623408318]
376	[0.18703886386938393, 0.8129611298441887]
377	[0.9855098843574523, 0.014490129519253969]
378	[0.3667346676811576, 0.6332653269171715]
379	[0.00202480701263994, 0.9979751944541931]
380	[0.2376581424381584, 0.7623418897390366]
381	[0.003011556854471564, 0.9969884395599365]
382	[0.9502169013023376, 0.0497830823995173]
383	[0.9657857060432434, 0.03421430978924036]
384	[0.7953451599925756, 0.20465484084561467]
385	[0.03667586182709783, 0.9633241534233093]
386	[0.0040510904509574175, 0.9959488987922669]
387	[0.0015604850254021586, 0.9984395265579223]
388	[0.572605352755636, 0.4273946428671479]
389	[0.3251083143753931, 0.674891683831811]
390	[0.8564106225967407, 0.14358937758952378]
391	[0.2638301087077707, 0.7361698798835278]
392	[0.9599883913993835, 0.04001159463077784]
393	[0.8152995750308036, 0.18470041947439314]
394	[0.002329691080376506, 0.997670340538025]
395	[0.9919690728187561, 0.008030885178595782]
396	[0.0025810975581407546, 0.9974188804626465]
397	[0.006733137392438948, 0.9932668685913086]
398	[0.0018015317153185606, 0.9981984853744507]
399	[0.3712955893483013, 0.6287044383585453]
400	[0.9937576174736023, 0.006242400407791138]
401	[0.007511028042063117, 0.992488968372345]
402	[0.001567510818131268, 0.9984324812889099]
403	[0.003899342124350369, 0.9961006760597229]
404	[0.001310580235440284, 0.9986894249916076]
405	[0.977992570400238, 0.02200744803994894]
406	[0.005953935021534562, 0.9940460324287415]
407	[0.596814310643822, 0.4031857123598456]
408	[0.4549520150758326, 0.5450479723513126]
409	[0.703583654621616, 0.29641633182764054]
410	[0.9755206108093262, 0.024479377549141645]
411	[0.9165132284164429, 0.08348678052425385]
412	[0.8338003396987915, 0.16619966439902784]
413	[0.7237765178084373, 0.2762234749272466]
414	[0.10471534293610603, 0.8952846765518189]
415	[0.9610451579093933, 0.03895482905209065]
416	[0.7720635443925857, 0.2279364498332143]
417	[0.10471534293610603, 0.8952846765518189]
418	[0.001639777608215809, 0.9983602285385131]
419	[0.02378864074125886, 0.9762113451957702]
420	[0.10471534293610603, 0.8952846765518189]
421	[0.10471534293610603, 0.8952846765518189]
422	[0.001605467381887138, 0.9983945369720459]
423	[0.8568087458610535, 0.14319125562906265]
424	[0.0077740746084600685, 0.9922259330749512]
425	[0.3985617155674845, 0.6014382968656719]
426	[0.6197726873680949, 0.38022731617093086]
427	[0.0022670831065624954, 0.9977329134941101]
428	[0.9591947436332703, 0.04080526018515229]
429	[0.0015818420331925153, 0.9984181642532348]
430	[0.0028455717954784633, 0.9971544146537781]
431	[0.9742818355560303, 0.02571815513074398]
432	[0.8696791291236877, 0.13032088093459607]
433	[0.6763722002506256, 0.32362778186798097]
434	[0.0021129521308466794, 0.9978870272636413]
435	[0.36060720812529323, 0.63939278870821]
436	[0.863431715965271, 0.1365682846866548]
437	[0.9140245318412781, 0.08597548427060246]
438	[0.43810631074011325, 0.5618936814367771]
439	[0.0222310034558177, 0.9777689814567566]
440	[0.913176953792572, 0.08682305552065372]
441	[0.003986244928091765, 0.9960137367248535]
442	[0.9679280519485474, 0.0320719238370657]
443	[0.0013984508346766233, 0.9986015796661377]
444	[0.007482590363360941, 0.9925174236297607]
445	[0.2768047765828669, 0.7231952309608459]
446	[0.11174619211815298, 0.888253802061081]
447	[0.9915153980255127, 0.008484583999961614]
448	[0.004955036798492074, 0.9950449466705322]
449	[0.7743302583694458, 0.2256697326898575]
450	[0.001796789770014584, 0.9982031941413879]
451	[0.6655611038208008, 0.3344388961791992]
452	[0.0018907220102846623, 0.9981092691421509]
453	[0.7699323072098195, 0.23006767891347407]
454	[0.9616011500358581, 0.038398847170174125]
455	[0.9700386166572571, 0.02996138297021389]
456	[0.09805160616524518, 0.9019483804702759]
457	[0.9616011500358581, 0.038398847170174125]
458	[0.9616011500358581, 0.038398847170174125]
459	[0.2610676075331867, 0.7389323800802231]
460	[0.002400001371279359, 0.99760000705719]
461	[0.0016461436753161252, 0.9983538389205933]
462	[0.0022553799441084265, 0.9977445960044861]
463	[0.9337889432907105, 0.06621106788516044]
464	[0.0016527482541278005, 0.9983472466468811]
465	[0.0028262405656278135, 0.9971737265586853]
466	[0.007790258899331093, 0.9922097563743592]
467	[0.9545680284500122, 0.04543198402971029]
468	[0.001704538194462657, 0.9982954859733582]
469	[0.21665562256239354, 0.7833443874493241]
470	[0.22599337417632342, 0.7740066051483154]
471	[0.6074297373183072, 0.3925702959299088]
472	[0.37567852889187636, 0.6243214666843414]
473	[0.9397096753120422, 0.06029030662029981]
474	[0.45971018127165736, 0.5402898043394089]
475	[0.9488916158676147, 0.051108399592339995]
476	[0.0024544358253479003, 0.9975455641746521]
477	[0.0021531532052904367, 0.9978468418121338]
478	[0.921484899520874, 0.0785150896757841]
479	[0.2989101869985461, 0.7010898396372796]
480	[0.9368775606155395, 0.063122427649796]
481	[0.2739833992207423, 0.7260165892541408]
482	[0.20726546850055455, 0.7927345126867295]
483	[0.7989830330014229, 0.20101693719625474]
484	[0.07219598498195409, 0.9278040289878845]
485	[0.0027371642645448446, 0.9972627997398377]
486	[0.9925970196723938, 0.007402947684749961]
487	[0.0020479617174714803, 0.9979520201683044]
488	[0.0022663705283775927, 0.9977336287498474]
489	[0.0024153576232492924, 0.9975846171379089]
490	[0.0016831766348332166, 0.9983168005943298]
491	[0.957146430015564, 0.04285358740016818]
492	[0.001996526285074651, 0.9980034708976746]
493	[0.0016502385726198554, 0.9983497738838196]
494	[0.6266217289492488, 0.37337827272713187]
495	[0.836606478691101, 0.1633935183286667]
496	[0.0014761061291210353, 0.9985239028930664]
497	[0.9317591071128846, 0.06824089623987675]
498	[0.688446750678122, 0.3115532422438264]
499	[0.9943016052246094, 0.005698375031352043]
500	[0.8863609552383422, 0.11363907493650913]
501	[0.001646330114454031, 0.9983536958694458]
502	[0.7751320213079452, 0.22486797608435155]
503	[0.24313575064297765, 0.7568642377853394]
504	[0.002758043305948377, 0.9972419619560242]
505	[0.002455844567157328, 0.9975441336631775]
506	[0.027208304917439818, 0.9727916717529297]
507	[0.958167290687561, 0.041832672990858556]
508	[0.0012729593203403057, 0.9987270474433899]
509	[0.9244387149810791, 0.07556130420416593]
510	[0.8851595401763916, 0.11484045311808586]
511	[0.2173124460503459, 0.7826875567436218]
512	[0.9295630335807801, 0.07043696343898773]
513	[0.9885303616523743, 0.011469663586467505]
514	[0.08554613208398223, 0.9144538760185241]
515	[0.267416569404304, 0.7325834393501282]
516	[0.46913578156381847, 0.5308641970157624]
517	[0.0014617862179875374, 0.9985382199287415]
518	[0.19482820346020163, 0.8051718004047871]
519	[0.0015855180914513766, 0.9984145045280457]
520	[0.20040107327513396, 0.7995989033952355]
521	[0.8169365853071213, 0.18306339113041759]
522	[0.002053442783653736, 0.997946560382843]
523	[0.19803127741906792, 0.8019687488675118]
524	[0.3929632459767163, 0.6070367373526097]
525	[0.0013680355623364449, 0.9986319541931152]
526	[0.0015152251813560723, 0.9984847903251648]
527	[0.0015481448266655208, 0.9984518527984619]
528	[0.6778713058680296, 0.32212868332862854]
529	[0.0014627966098487376, 0.9985372066497803]
530	[0.20044598444364964, 0.7995540073141456]
531	[0.021530288853682578, 0.978469729423523]
532	[0.8979454040527344, 0.10205462090671062]
533	[0.001896101702004671, 0.9981038928031921]
534	[0.6799354134593159, 0.32006456684321166]
535	[0.0017219113418832422, 0.9982780575752258]
536	[0.7941902741789818, 0.2058096969500184]
537	[0.8660681962966919, 0.13393180817365646]
538	[0.0015862817061133682, 0.9984137058258057]
539	[0.0015481448266655208, 0.9984518527984619]
540	[0.00148909583222121, 0.9985108733177185]
541	[0.0025882583344355226, 0.9974117755889893]
542	[0.6019953802227974, 0.39800460897386075]
543	[0.20172780798748136, 0.798272204771638]
544	[0.29756164592690765, 0.7024383410811424]
545	[0.0021810083650052547, 0.9978189945220948]
546	[0.19216461111791433, 0.807835391163826]
547	[0.19608467984944583, 0.803915335983038]
548	[0.00663783261552453, 0.9933621644973755]
549	[0.7666379034519195, 0.23336210399866103]
550	[0.8798550605773926, 0.12014495506882668]
551	[0.017184554017148912, 0.982815432548523]
552	[0.0017701382515951992, 0.9982298851013184]
553	[0.5165254175662994, 0.4834746032953262]
554	[0.876511025428772, 0.12348895519971848]
555	[0.0017722887685522437, 0.9982277154922485]
556	[0.002555583091452718, 0.9974444031715393]
557	[0.0022253592032939196, 0.9977746367454529]
558	[0.0016957804444245994, 0.9983042240142822]
559	[0.06213824097067118, 0.9378617882728577]
560	[0.0031161632854491473, 0.9968838334083557]
561	[0.19790121968835592, 0.8020987778902053]
562	[0.9218434572219849, 0.07815650347620248]
563	[0.8352801680564881, 0.1647198513150215]
564	[0.9873414754867553, 0.012658540904521943]
565	[0.0025850779609754683, 0.9974149227142334]
566	[0.00772634781897068, 0.9922736763954163]
567	[0.9587109327316284, 0.041289074905216695]
568	[0.9199709534645081, 0.0800290497019887]
569	[0.7704819300677628, 0.229518071282655]
570	[0.944851016998291, 0.05514896744862199]
571	[0.07750509730540216, 0.9224948763847352]
572	[0.5911029424518347, 0.40889701917767524]
573	[0.7835529714822769, 0.21644701454788445]
574	[0.9630361318588256, 0.03696384262293577]
575	[0.0024582135491073133, 0.9975418090820313]
576	[0.08602565471082926, 0.9139743685722351]
577	[0.9930007100105286, 0.006999283004552126]
578	[0.002378895576111972, 0.9976211190223694]
579	[0.38556074039079247, 0.6144392684102058]
580	[0.8521903276443481, 0.14780966844409704]
581	[0.005373516678810119, 0.994626498222351]
582	[0.7198345221579074, 0.28016547337174413]
583	[0.002560183429159224, 0.9974398136138916]
584	[0.906816816329956, 0.09318314902484418]
585	[0.9497906923294067, 0.0502093318849802]
586	[0.963821017742157, 0.0361789571121335]
587	[0.8153826355934143, 0.18461733907461167]
588	[0.1276502431370318, 0.8723497509956359]
589	[0.0014338954584673046, 0.9985661268234253]
590	[0.9747328758239746, 0.0252671392634511]
591	[0.9826507329940796, 0.017349256575107573]
592	[0.0032689902232959866, 0.9967310070991516]
593	[0.9436919927597046, 0.056308018043637276]
594	[0.9928528428077698, 0.007147133070975542]
595	[0.9240727901458741, 0.075927200820297]
596	[0.5854077275842429, 0.4145922612398863]
597	[0.3817556900670752, 0.6182443287223578]
598	[0.01853654203005135, 0.9814634680747986]
599	[0.9925765752792358, 0.007423411589115858]
600	[0.9925765752792358, 0.007423411589115858]
601	[0.6906720340251923, 0.3093279730528593]
602	[0.021463875332847236, 0.9785361051559448]
603	[0.0016563408076763152, 0.9983436465263367]
604	[0.00149306773673743, 0.9985069751739502]
605	[0.9884503483772278, 0.011549666710197925]
606	[0.940061628818512, 0.059938378445804116]
607	[0.9846282601356506, 0.015371745731681586]
608	[0.0028650787193328143, 0.9971349120140076]
609	[0.5655194020364434, 0.43448062110692265]
610	[0.4478765822947025, 0.5521234210580588]
611	[0.9900895357131958, 0.009910456370562315]
612	[0.042891804780811074, 0.957108223438263]
613	[0.7069497723132372, 0.2930502382107079]
614	[0.002725275605916977, 0.9972746968269348]
615	[0.9683778047561645, 0.03162219813093543]
616	[0.992367970943451, 0.007632027845829725]
617	[0.36833945391699674, 0.6316605554893613]
618	[0.9154559254646302, 0.0845440685749054]
619	[0.9591634154319764, 0.04083656147122383]
620	[0.0020504669286310674, 0.9979495406150818]
621	[0.0024186861934140324, 0.9975813269615174]
622	[0.5618955671787262, 0.4381044294685125]
623	[0.9387276649475098, 0.061272339522838594]
624	[0.909698736667633, 0.09030124135315418]
625	[0.9246692419052124, 0.07533076126128435]
626	[0.7148908823728561, 0.28510912843048575]
627	[0.6846714876592159, 0.31532851606607437]
628	[0.00132298351963982, 0.9986770272254943]
629	[0.9326372146606445, 0.06736277826130391]
630	[0.29507203451357783, 0.7049279924482107]
631	[0.8623563170433044, 0.13764367047697307]
632	[0.92004234790802, 0.07995764687657356]
633	[0.9397612333297729, 0.060238764807581904]
634	[0.0024247746681794525, 0.9975752234458923]
635	[0.9747982978820801, 0.025201682560145856]
636	[0.8500329852104187, 0.14996701665222645]
637	[0.9422681927680969, 0.0577318268828094]
638	[0.00210985301528126, 0.9978901505470276]
639	[0.9519122838973999, 0.04808772634714842]
640	[0.0028895453549921514, 0.9971104264259338]
641	[0.5522304862737656, 0.44776949286460876]
642	[0.6438921391963959, 0.35610788417980077]
643	[0.9916652798652649, 0.008334706444293261]
644	[0.9942897439002991, 0.005710267089307308]
645	[0.9566025972366333, 0.043397406488656996]
646	[0.9587526917457581, 0.04124730005860329]
647	[0.07090916209854185, 0.9290908455848694]
648	[0.9618042945861817, 0.03819571901112795]
649	[0.9908791661262513, 0.0091208484955132]
650	[0.9555296659469604, 0.04447037950158119]
651	[0.9463659167289734, 0.053634072002023456]
652	[0.9670634865760803, 0.03293652487918734]
653	[0.003163578687235713, 0.9968364357948303]
654	[0.8858758330345153, 0.11412415131926537]
655	[0.1993335268460214, 0.8006664838641881]
656	[0.21965808738023043, 0.7803419381380081]
657	[0.9293470740318298, 0.07065293248742818]
658	[0.0024662157520651817, 0.9975337743759155]
659	[0.9581318974494935, 0.041868097893893716]
660	[0.19595213769935071, 0.8040478467941284]
661	[0.9886009812355041, 0.011398993618786334]
662	[0.5277043804526329, 0.47229563631117344]
663	[0.0035047163255512714, 0.9964952588081359]
664	[0.401041466742754, 0.5989585511386395]
665	[0.9391216158866882, 0.06087835449725389]
666	[0.21591368429362773, 0.7840863296762108]
667	[0.7274898417294026, 0.2725101590156555]
668	[0.9709680676460266, 0.02903190003708005]
669	[0.9889599561691285, 0.01104005379602313]
670	[0.23566148318350316, 0.7643384873867035]
671	[0.001907747332006693, 0.9980922222137452]
672	[0.39082570672035216, 0.6091742932796478]
673	[0.9690161347389221, 0.030983862187713384]
674	[0.03276967795100063, 0.9672303080558777]
675	[0.9916182637214661, 0.008381725195795298]
676	[0.0028216721257194877, 0.9971783399581909]
677	[0.9860815525054931, 0.01391841759905219]
678	[0.5609741592779756, 0.43902581464499235]
679	[0.7951976470649242, 0.2048023751936853]
680	[0.19923229971900583, 0.8007676862180233]
681	[0.9103065133094788, 0.08969349712133408]
682	[0.6232451487332582, 0.3767548412084579]
683	[0.9777685284614563, 0.0222314789891243]
684	[0.0017037371406331658, 0.9982962608337402]
685	[0.7393492374569177, 0.2606507666409016]
686	[0.990851891040802, 0.009148105140775442]
687	[0.9840719938278198, 0.01592801483348012]
688	[0.9885249018669129, 0.011475129565224052]
689	[0.18444667547009885, 0.8155533596873283]
690	[0.9923277258872986, 0.007672238908708095]
691	[0.9800608992576599, 0.019939111545681953]
692	[0.9405354261398315, 0.059464572370052336]
693	[0.113570396322757, 0.8864296078681946]
694	[0.4706558758858591, 0.5293441466987133]
695	[0.9918770074844361, 0.008122984878718853]
696	[0.0018537405761890114, 0.9981462597846985]
697	[0.9863551139831543, 0.013644865434616803]
698	[0.0024068882688879968, 0.997593092918396]
699	[0.4593518920242786, 0.5406481264159083]
700	[0.002446242538280785, 0.9975537419319153]
701	[0.3056853674352169, 0.6943146556615829]
702	[0.5293644066900015, 0.47063561230897905]
703	[0.9491829872131348, 0.050817010644823316]
704	[0.1946308605838567, 0.8053691379725934]
705	[0.9556636333465576, 0.04433638509362936]
706	[0.9657949090003968, 0.03420511987060308]
707	[0.0034359786892309784, 0.9965640306472778]
708	[0.7993468642234802, 0.20065310299396516]
709	[0.9890813946723938, 0.010918625909835101]
710	[0.0968674773350358, 0.9031325340270996]
711	[0.5364752036519349, 0.4635247692465782]
712	[0.8925736427307129, 0.10742636919021606]
713	[0.35863897590897975, 0.6413610383868218]
714	[0.0021586141549050806, 0.9978413939476013]
715	[0.04617186281830073, 0.9538281083106994]
716	[0.49030468477867545, 0.5096952989697456]
717	[0.002220870228484273, 0.9977791428565979]
718	[0.5475945737212896, 0.45240540653467176]
719	[0.7518553337082267, 0.24814468808472157]
720	[0.011167256883345545, 0.9888327360153198]
721	[0.959270966053009, 0.04072907939553261]
722	[0.001285047852434218, 0.9987149477005005]
723	[0.9729965209960938, 0.027003471925854682]
724	[0.9166247248649597, 0.08337529208511114]
725	[0.9917844653129577, 0.00821552136912942]
726	[0.30650747288018465, 0.6934925079345703]
727	[0.04281403124332428, 0.9571859836578369]
728	[0.5550062243826688, 0.44499378055334093]
729	[0.74208869561553, 0.25791130438446996]
730	[0.002440622658468783, 0.997559380531311]
731	[0.5886536286678166, 0.41134635200724007]
732	[0.00724982675164938, 0.9927502155303956]
733	[0.8111243203282357, 0.18887568525969983]
734	[0.03615546158980578, 0.9638445377349854]
735	[0.9406492948532105, 0.05935073066502809]
736	[0.9648402094841003, 0.035159801878035066]
737	[0.9832228183746338, 0.016777214221656324]
738	[0.37448822474107146, 0.6255117684602738]
739	[0.6221090786159038, 0.37789092529565094]
740	[0.22587182908318937, 0.7741281926631928]
741	[0.003818512544967234, 0.9961814880371094]
742	[0.621074664592743, 0.3789253257215023]
743	[0.9259793639183045, 0.07402063198387623]
744	[0.5764266595244407, 0.42357333153486254]
745	[0.9569567918777466, 0.04304318660870195]
746	[0.20796933770179749, 0.7920306660234928]
747	[0.4696290412917733, 0.5303709585219621]
748	[0.0019364574691280723, 0.9980635523796082]
749	[0.9902182817459106, 0.009781718533486129]
750	[0.9914368271827698, 0.008563161827623844]
751	[0.935273289680481, 0.06472669485956431]
752	[0.8879952430725098, 0.11200477331876754]
753	[0.7723398089408875, 0.2276601880788803]
754	[0.9913885951042175, 0.008611425943672656]
755	[0.9682180047035217, 0.03178197201341391]
756	[0.9845483899116516, 0.01545158177614212]
757	[0.9762896418571472, 0.02371036745607853]
758	[0.9382343530654907, 0.0617656534537673]
759	[0.7868675947189331, 0.2131323739886284]
760	[0.8819810390472412, 0.11801897548139095]
761	[0.9194419741630554, 0.08055802993476391]
762	[0.0022610171465203164, 0.9977389812469483]
763	[0.07227691644802689, 0.9277230858802795]
764	[0.9910441875457764, 0.00895579755306244]
765	[0.8249890387058259, 0.17501095826737584]
766	[0.9818732619285584, 0.01812671758234501]
767	[0.5813101783394814, 0.4186898650601506]
768	[0.0019281982677057385, 0.9980717897415161]
769	[0.001589971105568111, 0.9984100341796875]
770	[0.912129008769989, 0.08787096180021763]
771	[0.9934928297996521, 0.006507175508886576]
772	[0.9490322589874267, 0.050967747904360296]
773	[0.9062979578971863, 0.09370205029845238]
774	[0.9371211051940918, 0.06287889797240495]
775	[0.9895448446273803, 0.01045515714213252]
776	[0.5966222314164042, 0.40337778106331823]
777	[0.9877335667610169, 0.012266440037637948]
778	[0.0016299040289595723, 0.9983701109886169]
779	[0.3224042344838381, 0.6775957718491554]
780	[0.0019443880766630173, 0.9980556249618531]
781	[0.2283056434709579, 0.771694341301918]
782	[0.9359628796577454, 0.06403713840991258]
783	[0.0021590661723166703, 0.997840940952301]
784	[0.8516771972179413, 0.14832282438874245]
785	[0.030278207967057824, 0.9697218179702759]
786	[0.4692138135433197, 0.5307861715555191]
787	[0.7518532805144786, 0.2481467206031084]
788	[0.9388588428497314, 0.0611411415040493]
789	[0.9078249216079712, 0.09217507466673851]
790	[0.9006458997726441, 0.09935408607125282]
791	[0.10688462015241385, 0.8931153774261474]
792	[0.060740009695291516, 0.9392599821090698]
793	[0.9609745144844055, 0.03902548905462026]
794	[0.9858171463012695, 0.014182856492698192]
795	[0.20355170723050833, 0.7964483052492142]
796	[0.9919447064399719, 0.008055306132882833]
797	[0.4639506065286696, 0.5360493822023272]
798	[0.9156012296676636, 0.08439877787604928]
799	[0.0018013954628258943, 0.9981985807418823]
800	[0.015040409262292087, 0.9849595904350281]
801	[0.0021487873746082187, 0.9978512167930603]
802	[0.977080512046814, 0.0229194818995893]
803	[0.8969128847122192, 0.1030871057882905]
804	[0.9893402218818664, 0.010659786965698003]
805	[0.8961740612983704, 0.10382592510432005]
806	[0.8805313229560852, 0.1194686695933342]
807	[0.9894402742385864, 0.01055971411988139]
808	[0.0018040449591353535, 0.9981959939002991]
809	[0.38284665916580707, 0.617153337225318]
810	[0.0021778365829959513, 0.9978221654891968]
811	[0.0017353458562865854, 0.9982646346092224]
812	[0.0016928254393860699, 0.9983071446418762]
813	[0.0022700267378240823, 0.9977299809455872]
814	[0.9927296996116638, 0.007270318269729614]
815	[0.9830168724060059, 0.016983123775571585]
816	[0.0018513600109145046, 0.9981486201286316]
817	[0.6770960673689842, 0.3229039043188095]
818	[0.002298055333085358, 0.9977019548416137]
819	[0.038214343576692046, 0.9617856860160827]
820	[0.14548870027065278, 0.854511296749115]
821	[0.0015928022097796203, 0.9984072089195252]
822	[0.9601998448371887, 0.039800184592604634]
823	[0.001970590674318373, 0.9980293989181519]
824	[0.0017401782795786857, 0.9982598304748536]
825	[0.0022255115443840625, 0.9977745056152344]
826	[0.0018268393585458397, 0.9981731534004211]
827	[0.041051384364254775, 0.9589486241340637]
828	[0.38752156402915716, 0.6124784559011459]
829	[0.9815510749816895, 0.018448914773762225]
830	[0.01328276637941599, 0.9867172241210938]
831	[0.002046647225506604, 0.9979533553123474]
832	[0.0014394231606274844, 0.9985605716705322]
833	[0.18082831017673015, 0.819171690940857]
834	[0.9695953726768494, 0.030404640082269906]
835	[0.003061177604831755, 0.9969388008117676]
836	[0.0016586711863055825, 0.9983412981033325]
837	[0.9821649670600892, 0.01783501571044326]
838	[0.002518600318580866, 0.9974814057350159]
839	[0.002270896011032164, 0.9977291107177735]
840	[0.18721652114763856, 0.8127834901213646]
841	[0.5227237878367305, 0.47727618366479874]
842	[0.689414244890213, 0.3105857390910387]
843	[0.8673595786094666, 0.13264041468501092]
844	[0.8692843914031982, 0.13071562275290488]
845	[0.8655297994613648, 0.13447016766294836]
846	[0.0025506554869934917, 0.9974493384361267]
847	[0.002507871249690652, 0.9974921345710754]
848	[0.9942976474761963, 0.0057023361325263975]
849	[0.8857385396957398, 0.11426146514713764]
850	[0.905445396900177, 0.0945546068251133]
851	[0.808775381743908, 0.19122463827952743]
852	[0.983119261264801, 0.01688073091208935]
853	[0.962288749217987, 0.03771127164363861]
854	[0.9322543501853943, 0.06774569302797318]
855	[0.8645226359367371, 0.13547735959291457]
856	[0.967280387878418, 0.03271962236613035]
857	[0.9721764087677002, 0.02782359942793846]
858	[0.7811859846115112, 0.2188139945268631]
859	[0.7838570475578308, 0.21614296017214657]
860	[0.0037593562621623276, 0.9962406635284424]
861	[0.9668907880783081, 0.033109205588698384]
862	[0.9533854603767395, 0.04661455349996686]
863	[0.9193369150161743, 0.08066309690475464]
864	[0.4660995934158564, 0.5339003778994084]
865	[0.9386076331138611, 0.061392372101545335]
866	[0.9060127258300781, 0.09398729335516691]
867	[0.9454778671264649, 0.05452211312949658]
868	[0.9735179662704467, 0.026482017152011393]
869	[0.983991277217865, 0.01600874084979296]
870	[0.9478655338287354, 0.05213446347042918]
871	[0.9793373703956604, 0.02066265307366848]
872	[0.40264176279306413, 0.5973582565784454]
873	[0.19820454223081468, 0.8017954871058464]
874	[0.9284868597984314, 0.07151316404342652]
875	[0.8431254625320435, 0.15687455981969833]
876	[0.9859314441680909, 0.014068520162254572]
877	[0.8963426232337952, 0.1036573807708919]
878	[0.9531821370124817, 0.04681784119457007]
879	[0.8552986145019531, 0.14470139518380165]
880	[0.7517369431909173, 0.248263069242239]
881	[0.9636155247688294, 0.03638445995748043]
882	[0.9210159540176391, 0.07898403257131577]
883	[0.8101122260093689, 0.18988779336214065]
884	[0.9354003548622132, 0.06459963284432887]
885	[0.9742356181144715, 0.02576434351503849]
886	[0.7439880132675171, 0.25601199418306353]
887	[0.6955079436302185, 0.30449203252792356]
888	[0.5752713883295655, 0.42472859025001525]
889	[0.867769467830658, 0.13223056495189667]
890	[0.004545840807259083, 0.9954541683197021]
891	[0.9932494044303894, 0.006750595942139626]
892	[0.7745832085609436, 0.2254168152809143]
893	[0.9823649406433106, 0.017635069880634548]
894	[0.003936565108597278, 0.9960634231567382]
895	[0.9950239896774292, 0.004976020054891705]
896	[0.758601104421541, 0.24139887262135745]
897	[0.9607837438583374, 0.03921627663075924]
898	[0.9847168922424316, 0.015283092949539423]
899	[0.955756950378418, 0.04424304906278849]
900	[0.9821158409118652, 0.0178842019289732]
901	[0.11790156550705433, 0.8820984482765197]
902	[0.8684584498405457, 0.1315415769815445]
903	[0.9860524773597718, 0.013947517517954111]
904	[0.9163239955902099, 0.08367598131299019]
905	[0.9145619869232178, 0.0854380157776177]
906	[0.0015791960759088397, 0.998420798778534]
907	[0.897503650188446, 0.10249631851911545]
908	[0.8141634702682495, 0.18583652079105378]
909	[0.9916421413421631, 0.008357854094356298]
910	[0.22166717015206813, 0.7783328304067254]
911	[0.8684784293174743, 0.13152158930897712]
912	[0.8629304766654968, 0.1370695285499096]
913	[0.9880762338638306, 0.011923758685588837]
914	[0.9094529747962952, 0.09054701030254364]
915	[0.0013620802201330662, 0.9986379384994507]
916	[0.9579043745994568, 0.04209563173353672]
917	[0.2610676075331867, 0.7389323800802231]
918	[0.9545680284500122, 0.04543198402971029]
919	[0.0016527482541278005, 0.9983472466468811]
920	[0.20726546850055455, 0.7927345126867295]
921	[0.07219598498195409, 0.9278040289878845]
922	[0.7989830330014229, 0.20101693719625474]
923	[0.2173124460503459, 0.7826875567436218]
924	[0.6266217289492488, 0.37337827272713187]
925	[0.8169365853071213, 0.18306339113041759]
926	[0.0016502385726198554, 0.9983497738838196]
927	[0.9244387149810791, 0.07556130420416593]
928	[0.001646330114454031, 0.9983536958694458]
929	[0.20172780798748136, 0.798272204771638]
930	[0.11174619211815298, 0.888253802061081]
931	[0.19216461111791433, 0.807835391163826]
932	[0.9295630335807801, 0.07043696343898773]
933	[0.0015481448266655208, 0.9984518527984619]
934	[0.0018907220102846623, 0.9981092691421509]
935	[0.0015481448266655208, 0.9984518527984619]
936	[0.8798550605773926, 0.12014495506882668]
937	[0.0017722887685522437, 0.9982277154922485]
938	[0.6074297373183072, 0.3925702959299088]
939	[0.0022553799441084265, 0.9977445960044861]
940	[0.9218434572219849, 0.07815650347620248]
941	[0.0022663705283775927, 0.9977336287498474]
942	[0.3929632459767163, 0.6070367373526097]
943	[0.01726394481956959, 0.98273606300354]
944	[0.0015836771111935378, 0.9984163403511047]
945	[0.9943016052246094, 0.005698375031352043]
946	[0.5165254175662994, 0.4834746032953262]
947	[0.22599337417632342, 0.7740066051483154]
948	[0.9786470770835877, 0.021352935954928397]
949	[0.20156147559173404, 0.7984385199844837]
950	[0.001998090441338718, 0.9980019092559814]
951	[0.3486427769064903, 0.6513572424650192]
952	[0.0017222673515789211, 0.9982777237892151]
953	[0.0016348491073586047, 0.9983651638031006]
954	[0.022939898911863564, 0.9770601034164429]
955	[0.10144381523132324, 0.8985561847686767]
956	[0.0018575227120891213, 0.9981424570083618]
957	[0.00273448892403394, 0.9972655415534973]
958	[0.8352801680564881, 0.1647198513150215]
959	[0.017184554017148912, 0.982815432548523]
960	[0.0017701382515951992, 0.9982298851013184]
961	[0.002258802973665297, 0.997741186618805]
962	[0.001624057348817587, 0.9983759522438049]
963	[0.0015152251813560723, 0.9984847903251648]
964	[0.0034036416560411452, 0.9965963721275329]
965	[0.388420151360333, 0.6115798339247703]
966	[0.41214105817489327, 0.5878589112311602]
967	[0.7699307128787041, 0.2300692808814347]
968	[0.9368775606155395, 0.063122427649796]
969	[0.00156595166772604, 0.9984340906143189]
970	[0.324081999855116, 0.6759179823100567]
971	[0.836606478691101, 0.1633935183286667]
972	[0.7398984998464584, 0.2601014882326126]
973	[0.0015855180914513766, 0.9984145045280457]
974	[0.002224284945987165, 0.9977757334709167]
975	[0.9837002396583557, 0.016299772821366788]
976	[0.0031161632854491473, 0.9968838334083557]
977	[0.921484899520874, 0.0785150896757841]
978	[0.0012768228305503726, 0.9987231850624084]
979	[0.9801054477691651, 0.019894563872367144]
980	[0.0016354684019461274, 0.9983645796775817]
981	[0.0014856654684990644, 0.9985143184661865]
982	[0.0018571361899375916, 0.9981428384780884]
983	[0.46212156154215334, 0.5378784332424402]
984	[0.0027371642645448446, 0.9972627997398377]
985	[0.7864084534347058, 0.2135915769264102]
986	[0.009894369728863239, 0.9901056528091431]
987	[0.00354056206997484, 0.996459448337555]
988	[0.0035566895501688124, 0.9964433312416077]
989	[0.09843437038362027, 0.9015656352043152]
990	[0.082970773242414, 0.9170292377471924]
991	[0.7924700915813446, 0.2075299171730876]
992	[0.002758043305948377, 0.9972419619560242]
993	[0.3113448452204466, 0.6886551678180695]
994	[0.002455844567157328, 0.9975441336631775]
995	[0.21216361988335847, 0.7878364026546478]
996	[0.40464213453233244, 0.5953578574582934]
997	[0.8111313045024872, 0.18886872492730616]
998	[0.0019129338208585978, 0.9980870723724365]
999	[0.0022376686800271274, 0.9977623105049134]
1000	[0.09719653662759811, 0.9028034448623657]
1001	[0.001628120371606201, 0.9983718633651734]
1002	[0.9432175159454346, 0.05678246547468006]
1003	[0.0017897339770570398, 0.9982102632522583]
1004	[0.001683936850167811, 0.9983160495758057]
1005	[0.17233588281087578, 0.827664116024971]
1006	[0.3721506159752607, 0.627849368005991]
1007	[0.9267614960670472, 0.0732384791597724]
1008	[0.003180466126650572, 0.996819543838501]
1009	[0.7283102765679359, 0.2716896913945675]
1010	[0.007409007148817181, 0.9925909996032715]
1011	[0.0019122233847156168, 0.9980877637863159]
1012	[0.0022143756039440634, 0.9977856397628784]
1013	[0.16572775752283633, 0.8342722147703171]
1014	[0.0023599341744557022, 0.9976400852203369]
1015	[0.19409410012885928, 0.8059059023857117]
1016	[0.8118097066879273, 0.1881902977824211]
